1 2 1
2 1 1
2 3 1
3 2 1
1 3 1
3 1 1
4 5 1
5 4 1
5 6 1
6 5 1
4 6 1
6 4 1
6 2 1
2 6 1
7 8 1
8 7 1
8 9 1
9 8 1
7 9 1
9 7 1
7 6 1
6 7 1
10 11 1
11 10 1
11 12 1
12 11 1
10 12 1
12 10 1
10 5 1
5 10 1
10 8 1
8 10 1
11 2 1
2 11 1
11 7 1
7 11 1
13 14 1
14 13 1
14 15 1
15 14 1
13 15 1
15 13 1
13 6 1
6 13 1
13 11 1
11 13 1
14 5 1
5 14 1
14 8 1
8 14 1
16 17 1
17 16 1
17 18 1
18 17 1
16 18 1
18 16 1
16 10 1
10 16 1
16 14 1
14 16 1
17 10 1
10 17 1
17 14 1
14 17 1
18 1 1
1 18 1
18 4 1
4 18 1
19 20 1
20 19 1
20 21 1
21 20 1
19 21 1
21 19 1
19 3 1
3 19 1
19 9 1
9 19 1
19 12 1
12 19 1
19 15 1
15 19 1
20 3 1
3 20 1
20 9 1
9 20 1
20 12 1
12 20 1
20 15 1
15 20 1
21 6 1
6 21 1
21 11 1
11 21 1
$