100
-100 -37 -87
79 -20 94
99 -6 -55
-26 99 47
-36 -85 -99
50 -81 29
-2 -57 -37
-14 76 -96
56 32 92
17 51 -2
8 -51 63
-52 -88 -97
-79 -96 -50
-68 20 88
-76 -38 -53
60 -61 -5
-63 48 -79
-33 -15 57
38 56 -41
-27 -91 -100
33 28 14
28 -13 -58
68 -5 -8
-45 24 -51
47 -75 57
100 86 53
-22 -50 -15
-72 24 -91
75 -93 1
-91 -23 -48
-69 -62 24
-2 -34 41
52 -15 -17
4 54 93
-20 54 64
-38 -91 -1
88 -73 18
-54 4 -22
-64 -37 -57
-85 21 -61
-90 35 -100
-39 78 1
-20 -34 29
54 -4 49
-7 55 -37
-67 95 15
49 84 98
-57 -70 62
97 13 33
-61 -29 -57
-78 62 56
12 76 85
-37 -81 -4
-27 62 -76
62 -67 26
79 41 83
36 -44 85
-54 -89 -91
-19 -13 18
92 33 -91
39 -29 96
30 98 72
25 71 -12
-71 45 -11
14 31 -15
-59 86 -93
-82 36 -54
-76 -74 -41
-85 59 -12
-76 -61 81
55 -24 13
-4 58 54
-27 -86 -77
34 -57 -24
-96 27 -33
4 72 -20
-35 -23 -55
-92 -6 51
-33 -7 80
-28 48 -58
-57 27 -47
74 -79 -89
93 59 74
67 60 54
77 44 -53
-8 61 3
20 11 -24
76 -32 -49
97 -42 35
56 -64 -94
-84 -5 -59
-32 -78 8
-46 62 -78
69 -8 -94
53 13 45
44 -4 46
99 -21 -81
52 21 27
-82 -83 45
57 -37 14
-42 26 38
-90 27 48
-35 85 -44
99 -96 40
-44 28 61
92 -69 -68
56 45 -22
-27 50 -39
-28 -9 48
-92 -96 -46
-95 -45 -42
-58 30 -42
-34 60 6
-24 58 -25
89 -17 72
7 64 69
-45 -83 72
44 -96 -64
-66 -91 -51
67 -50 -93
63 89 25
74 -81 -33
49 -12 -91
-5 26 49
31 82 59
84 82 -30
-57 86 47
-84 -79 -25
-31 -96 10
89 81 7
88 -86 8
82 50 6
-42 -22 14
-51 26 -1
-86 93 32
19 27 20
-46 -24 63
-86 -93 22
5 -10 42
56 -39 88
-67 5 -41
-37 71 16
-74 -14 -38
-78 -81 95
39 -6 -80
-48 20 63
-42 49 80
73 -10 -15
-63 61 67
-99 82 -23
-36 55 96
-8 84 -56
88 13 -1
-87 85 -44
-70 41 -69
-68 -55 -31
71 60 -57
18 34 10
2 -23 -16
-32 45 98
76 -4 71
80 -38 83
34 83 -63
-75 3 -21
48 -80 -41
61 -56 81
54 -42 86
65 -13 33
26 30 -37
-43 67 64
60 73 -99
-88 -58 -3
-24 -59 94
89 -13 -79
-9 -1 -65
16 -44 -49
-76 72 11
-60 68 63
-3 12 61
79 46 20
-19 34 47
21 25 2
-35 63 14
46 -19 -48
25 77 29
-49 39 80
-26 -53 -28
-91 18 87
33 -52 -70
64 28 82
-57 -86 8
78 -17 89
-78 -65 -62
-86 85 -48
-9 -87 -26
19 51 58
-63 -80 66
-96 61 -3
53 -11 -39
99 -75 49
-97 83 -94
-3 72 -76
7 -18 20
64 28 55
64 -27 -95
55 48 -43
45 -5 23
-78 -79 63
-42 -51 -66
16 17 -21
70 83 19
-63 -75 -25
-30 -73 -76
-30 12 -14
89 23 84
-81 3 94
20 -77 -100
41 -92 66
-79 13 -47
60 97 76
54 -86 12
72 -4 -71
88 56 -30
-82 -52 -11
-34 -56 40
-29 46 -61
48 -35 -90
83 -70 11
-77 55 -2
-51 62 -16
-39 66 -23
-85 88 -87
29 -88 38
-88 -76 -64
-50 14 -54
42 -55 65
-24 -84 -4
-27 -77 10
52 -84 -41
28 29 -55
72 -74 -61
35 52 -81
59 -18 -63
75 -45 67
-5 87 -71
56 -89 63
-93 -34 84
-27 26 42
73 24 80
-81 44 25
41 -59 31
36 67 64
-43 -68 56
-19 -30 -28
-36 49 9
3 41 70
62 -80 -10
56 42 -18
15 44 -4
8 78 20
-28 -41 61
-41 -36 -86
1 16 -26
-92 -41 95
-67 90 -14
-7 34 -92
73 -100 59
24 76 68
34 43 13
-95 16 63
-88 -55 -6
-28 -58 71
-28 5 7
13 80 -52
74 -2 93
-50 70 -68
-26 52 -12
27 -64 97
-43 -71 22
-72 69 31
77 55 84
98 35 -59
-1 -58 60
-39 34 -89
90 -99 -53
34 -39 11
-24 -81 -55
79 -90 44
56 -26 -68
-28 -75 -94
37 28 -95
68 58 22
-29 36 -51
-22 48 54
-93 8 -43
-10 -30 -93
24 -41 -28
53 -19 9
90 -6 79
92 65 19
33 46 51
96 -26 -65
97 24 -74
36 -17 64
25 -51 100
65 19 -82
38 -40 -9
57 -59 3
-88 100 47
-87 -38 57
22 -46 60
-86 -98 43
-74 -56 65
-6 73 28
58 -11 -79
55 17 -5
-17 -5 -62
66 73 16
-58 55 -74
25 -63 8
-63 31 21
-32 61 45
-54 86 -16
70 -74 19
40 -83 -88
-51 49 94
-11 48 99
98 -94 5
-78 -32 -94
21 -14 35
-72 -12 -69
3 93 -31
20 -45 65
46 37 58
91 -53 45
45 -32 -16
96 -99 91
-98 20 83
89 90 78
78 19 63
27 -87 -56
41 95 -51
-69 -19 70
-92 70 4
78 93 -51
64 -42 -81
71 -25 -75
72 -23 -15
56 -65 -59
-11 -74 41
14 30 -15
3 -37 -68
96 -15 -78
92 -52 38
-41 94 -91
16 -58 8
-24 93 58
55 12 -63
6 -40 -2
-62 30 78
31 -26 -80
60 -79 -63
66 -24 92
79 -62 -80
66 98 -43
-48 -34 44
-46 67 -76
-28 60 -46
36 -76 65
79 -46 30
86 -11 -71
42 -26 -17
-33 20 17
24 -11 -66
18 -36 -28
-24 8 -37
93 -46 -21
-80 -83 1
-99 95 45
-63 -50 -70
-56 -11 -75
87 -56 -25
-88 45 57
22 -40 67
-67 -4 72
13 -3 -14
-92 -20 -17
-86 -28 -49
-96 8 -98
64 78 55
-73 -47 48
-79 42 33
87 -26 44
11 -94 21
59 -19 9
59 26 90
-19 -91 82
67 73 47
23 18 -39
-75 -83 -13
27 -55 92
55 79 -94
57 96 -52
-48 -29 77
-80 47 -84
58 -57 -34
52 -27 73
-26 20 99
36 -70 33
-13 35 -51
76 85 38
-3 85 -36
-79 56 18
81 -68 -10
-19 -93 100
-50 -64 11
96 -76 -29
30 14 -48
-86 -14 -97
-18 -86 -60
37 38 97
-19 85 68
80 -65 -40
15 -56 -99
72 -73 -77
18 96 -88
54 -38 82
-48 -68 -81
-72 10 -6
62 93 -34
