1 2 1
2 1 1
2 3 1
3 2 1
3 4 1
4 3 1
4 5 1
5 4 1
9 10 1
10 9 1
10 11 1
11 10 1
9 11 1
11 9 1
9 8 1
8 9 1
10 4 1
4 10 1
11 5 1
5 11 1
12 13 1
13 12 1
13 14 1
14 13 1
12 14 1
14 12 1
12 8 1
8 12 1
13 1 1
1 13 1
14 3 1
3 14 1
15 16 1
16 15 1
16 17 1
17 16 1
15 17 1
17 15 1
15 4 1
4 15 1
16 1 1
1 16 1
17 5 1
5 17 1
18 19 1
19 18 1
19 20 1
20 19 1
18 20 1
20 18 1
18 2 1
2 18 1
19 3 1
3 19 1
20 5 1
5 20 1
21 22 1
22 21 1
22 23 1
23 22 1
21 23 1
23 21 1
21 4 1
4 21 1
22 2 1
2 22 1
23 5 1
5 23 1
24 25 1
25 24 1
25 26 1
26 25 1
24 26 1
26 24 1
24 1 1
1 24 1
25 1 1
1 25 1
26 7 1
7 26 1
27 28 1
28 27 1
28 29 1
29 28 1
27 29 1
29 27 1
27 6 1
6 27 1
28 6 1
6 28 1
29 4 1
4 29 1
$