20
-6 -10 6
-12 -4 -4
-7 4 4
6 5 -13
6 -13 -16
-6 15 -8
-14 1 6
-9 16 14
-10 12 4
18 14 -15
-2 -11 -20
-12 6 6
-10 18 20
12 15 -18
20 -12 -12
-6 19 9
17 1 -2
10 4 -15
-3 -18 -2
8 10 10
-9 -7 19
11 19 -3
13 -10 5
-6 -9 -1
20 17 -13
18 4 7
8 19 -9
7 -11 -9
-16 -3 -20
17 19 -4
10 -6 9
5 -20 -15
3 -4 -19
-12 -16 3
-19 -12 6
-1 -5 1
12 8 1
-8 -11 17
-1 -13 -13
6 20 4
-19 -3 -3
-18 -7 -8
3 20 1
3 1 16
5 -11 -16
11 -17 6
9 16 -18
10 1 -8
-9 5 -18
-1 4 17
-5 -17 -3
1 -14 18
-1 -10 -8
-19 -3 -17
-1 1 8
4 10 18
-1 -10 -17
13 -14 6
4 9 4
-15 -14 7
19 -3 8
-19 14 5
14 2 11
16 -8 18
14 -20 14
12 -10 -5
-7 16 -19
-20 20 12
-7 20 -11
5 17 9
$
A middle hardness 3SAT problem with 20 variables.